kinematics:
  shoulder:
    x: 0
    y: 0
    z: 0.1519135963461435
    roll: -0
    pitch: 0
    yaw: 2.788909693341134e-05
  upper_arm:
    x: 2.055946359576799e-05
    y: 0
    z: 0
    roll: 1.570842997539163
    pitch: 0
    yaw: -3.478643464127787e-06
  forearm:
    x: -0.2436265756628402
    y: 0
    z: 0
    roll: 0.0002419273107811124
    pitch: -2.683708139035676e-05
    yaw: -6.758303563369246e-05
  wrist_1:
    x: -0.213196315637268
    y: -0.0001470307749181737
    z: 0.1122813967685411
    roll: 0.00130948398496501
    pitch: 0.0001103072258368812
    yaw: 1.022363974326258e-05
  wrist_2:
    x: -1.932285070751691e-05
    y: -0.08536906110903648
    z: -4.667877137511274e-05
    roll: 1.571343114660626
    pitch: 0
    yaw: 6.090906127424239e-05
  wrist_3:
    x: 1.737185017286329e-05
    y: 0.08237703035038596
    z: -8.107821857099018e-05
    roll: 1.569812093786671
    pitch: 3.141592653589793
    yaw: 3.141588684587207
  hash: calib_13307735036921745126